10 10
  39.679886231911794 -10.642134128893268   3.918942094324491 -10.667013989847495  -7.341691126967387  10.000608195891248   3.270599671770875   9.111272656538599  -0.244619366359185   0.799337102984397
  16.821035946631788  61.034572981200441 -12.506789068264075   9.337281626712384  -0.308137300123200 -16.641644749870604  10.826335042367560   5.945836974090524 -19.488471768989008  -9.484809835705052
  -8.757293461600174  12.346791468907778  35.520390776685680   3.503210013561116   2.323470126244768  -5.900345642052215  10.060771108190513   3.502011738745352  10.204980144526539   4.114906214233741
  -4.838150501101211  -2.296264509631805  -7.411060939404114  44.709942362912734   4.263875574089450  -2.780641637653094  -6.509077365977526  12.502512283049958   8.617163023934184   6.769778056840296
  -7.120045490274225 -15.061597039797190  -5.078175502781736   1.824521675059834  41.271912582764955   4.227156912204783   2.570561574339689   9.297894585577156   0.011620834835139   8.577325452053552
 -11.742123314568163  -4.446278164469854  -3.205755066002393 -15.650560141507251  -2.364545837571863  28.297993021495294  -9.443778064042190   2.397632570585801  -0.708372131604802  -6.911591253829914
  -1.922395175392748  -1.559410357247689   0.124690413616180  -0.845394798177242  20.236908866030532   4.716343264163027  31.782114786074363  -6.903611031112257 -24.862839207032788   4.493776231668507
  -2.740702299326022   2.760682539315362 -30.291773414041458  16.039463506028802 -22.583539704961915 -12.128471996744594   9.248259334937059  38.484463582497192   5.811723226759228   1.006333503150765
  15.300725144240960  -2.611636457764786  -4.570146408715826   0.983477746401080  22.294456804568988   0.661900484246114   0.000498490752508  11.921018705312701  23.075650800340952   8.260699984699233
  -2.490247425137138   4.434219129040914  12.424484063907384   0.413736134896147   3.375637006131064   6.523558886613739  -0.549189146094067 -16.118303886778108 -23.192803066433022  50.361570799259184